service_id,date,exception_type
3,20160905,1
1,20160905,2
3,20161010,1
1,20161010,2
3,20161111,1
1,20161111,2
101,20160906,1
101,20160907,1
101,20160908,1
101,20160909,1
101,20160912,1
101,20160913,1
101,20160914,1
101,20160915,1
101,20160916,1
101,20160919,1
101,20160920,1
101,20160921,1
101,20160922,1
101,20160923,1
101,20160926,1
101,20160927,1
101,20160928,1
101,20160929,1
101,20160930,1
101,20161003,1
101,20161004,1
101,20161005,1
101,20161006,1
101,20161007,1
101,20161011,1
101,20161012,1
101,20161013,1
101,20161014,1
101,20161017,1
101,20161018,1
101,20161019,1
101,20161020,1
101,20161021,1
101,20161024,1
101,20161025,1
101,20161026,1
101,20161027,1
101,20161028,1
101,20161031,1
101,20161101,1
101,20161102,1
101,20161103,1
101,20161104,1
101,20161107,1
101,20161108,1
101,20161109,1
101,20161110,1
101,20161114,1
101,20161115,1
101,20161116,1
101,20161117,1
101,20161118,1
101,20161121,1
101,20161122,1
101,20161123,1
101,20161124,1
101,20161125,1
101,20161128,1
101,20161129,1
101,20161130,1
101,20161201,1
101,20161202,1
101,20161205,1
101,20161206,1
101,20161207,1
101,20161208,1
101,20161209,1
101,20161212,1
101,20161213,1
101,20161214,1
101,20161215,1
101,20161216,1
201,20160905,1
201,20161010,1
201,20161111,1
152301,20160905,1
152301,20160909,1
152301,20160916,1
152301,20160923,1
152301,20160930,1
152301,20161007,1
152301,20161010,1
152301,20161014,1
152301,20161021,1
152301,20161028,1
152301,20161104,1
152301,20161111,1
152301,20161118,1
152301,20161125,1
152301,20161202,1
152301,20161209,1
152301,20161216,1
152201,20160906,1
152201,20160907,1
152201,20160908,1
152201,20160912,1
152201,20160913,1
152201,20160914,1
152201,20160915,1
152201,20160919,1
152201,20160920,1
152201,20160921,1
152201,20160922,1
152201,20160926,1
152201,20160927,1
152201,20160928,1
152201,20160929,1
152201,20161003,1
152201,20161004,1
152201,20161005,1
152201,20161006,1
152201,20161011,1
152201,20161012,1
152201,20161013,1
152201,20161017,1
152201,20161018,1
152201,20161019,1
152201,20161020,1
152201,20161024,1
152201,20161025,1
152201,20161026,1
152201,20161027,1
152201,20161031,1
152201,20161101,1
152201,20161102,1
152201,20161103,1
152201,20161107,1
152201,20161108,1
152201,20161109,1
152201,20161110,1
152201,20161114,1
152201,20161115,1
152201,20161116,1
152201,20161117,1
152201,20161121,1
152201,20161122,1
152201,20161123,1
152201,20161124,1
152201,20161128,1
152201,20161129,1
152201,20161130,1
152201,20161201,1
152201,20161205,1
152201,20161206,1
152201,20161207,1
152201,20161208,1
152201,20161212,1
152201,20161213,1
152201,20161214,1
152201,20161215,1
32501,20160909,1
32501,20160916,1
32501,20160923,1
32501,20160930,1
32501,20161007,1
32501,20161014,1
32501,20161021,1
32501,20161028,1
32501,20161104,1
32501,20161118,1
32501,20161125,1
32501,20161202,1
32501,20161209,1
32501,20161216,1
701,20160909,1
701,20160916,1
701,20160923,1
701,20160930,1
701,20161007,1
701,20161014,1
701,20161021,1
701,20161028,1
701,20161104,1
701,20161118,1
701,20161125,1
701,20161202,1
701,20161209,1
701,20161216,1
801,20160905,1
801,20160906,1
801,20160907,1
801,20160908,1
801,20160912,1
801,20160913,1
801,20160914,1
801,20160915,1
801,20160919,1
801,20160920,1
801,20160921,1
801,20160922,1
801,20160926,1
801,20160927,1
801,20160928,1
801,20160929,1
801,20161003,1
801,20161004,1
801,20161005,1
801,20161006,1
801,20161010,1
801,20161011,1
801,20161012,1
801,20161013,1
801,20161017,1
801,20161018,1
801,20161019,1
801,20161020,1
801,20161024,1
801,20161025,1
801,20161026,1
801,20161027,1
801,20161031,1
801,20161101,1
801,20161102,1
801,20161103,1
801,20161107,1
801,20161108,1
801,20161109,1
801,20161110,1
801,20161111,1
801,20161114,1
801,20161115,1
801,20161116,1
801,20161117,1
801,20161121,1
801,20161122,1
801,20161123,1
801,20161124,1
801,20161128,1
801,20161129,1
801,20161130,1
801,20161201,1
801,20161205,1
801,20161206,1
801,20161207,1
801,20161208,1
801,20161212,1
801,20161213,1
801,20161214,1
801,20161215,1
62001,20160906,1
62001,20160907,1
62001,20160908,1
62001,20160909,1
62001,20160912,1
62001,20160913,1
62001,20160914,1
62001,20160915,1
62001,20160916,1
62001,20160919,1
62001,20160920,1
62001,20160921,1
62001,20160922,1
62001,20160923,1
62001,20160926,1
62001,20160927,1
62001,20160928,1
62001,20160929,1
62001,20160930,1
62001,20161003,1
62001,20161004,1
62001,20161005,1
62001,20161006,1
62001,20161007,1
62001,20161011,1
62001,20161012,1
62001,20161013,1
62001,20161014,1
62001,20161017,1
62001,20161018,1
62001,20161019,1
62001,20161020,1
62001,20161021,1
62001,20161024,1
62001,20161025,1
62001,20161026,1
62001,20161027,1
62001,20161028,1
62001,20161031,1
62001,20161101,1
62001,20161102,1
62001,20161103,1
62001,20161104,1
62001,20161107,1
62001,20161108,1
62001,20161109,1
62001,20161110,1
62001,20161114,1
62001,20161115,1
62001,20161116,1
62001,20161117,1
62001,20161118,1
62001,20161121,1
62001,20161122,1
62001,20161123,1
62001,20161124,1
62001,20161125,1
62001,20161128,1
62001,20161129,1
62001,20161130,1
62001,20161201,1
62001,20161202,1
62001,20161205,1
62001,20161206,1
62001,20161207,1
62001,20161208,1
62001,20161209,1
62001,20161212,1
62001,20161213,1
62001,20161214,1
62001,20161215,1
62001,20161216,1
61901,20160905,1
61901,20161010,1
61901,20161111,1
1701,20160906,1
1701,20160907,1
1701,20160908,1
1701,20160909,1
1701,20160912,1
1701,20160913,1
1701,20160914,1
1701,20160915,1
1701,20160916,1
1701,20160919,1
1701,20160920,1
1701,20160921,1
1701,20160922,1
1701,20160923,1
1701,20160926,1
1701,20160927,1
1701,20160928,1
1701,20160929,1
1701,20160930,1
1701,20161003,1
1701,20161004,1
1701,20161005,1
1701,20161006,1
1701,20161007,1
1701,20161011,1
1701,20161012,1
1701,20161013,1
1701,20161014,1
1701,20161017,1
1701,20161018,1
1701,20161019,1
1701,20161020,1
1701,20161021,1
1701,20161024,1
1701,20161025,1
1701,20161026,1
1701,20161027,1
1701,20161028,1
1701,20161031,1
1701,20161101,1
1701,20161102,1
1701,20161103,1
1701,20161104,1
1701,20161107,1
1701,20161108,1
1701,20161109,1
1701,20161110,1
1701,20161114,1
1701,20161115,1
1701,20161116,1
1701,20161117,1
1701,20161118,1
1701,20161121,1
1701,20161122,1
1701,20161123,1
1701,20161124,1
1701,20161125,1
1701,20161128,1
1701,20161129,1
1701,20161130,1
1701,20161201,1
1701,20161202,1
1701,20161205,1
1701,20161206,1
1701,20161207,1
1701,20161208,1
1701,20161209,1
1701,20161212,1
1701,20161213,1
1701,20161214,1
1701,20161215,1
1701,20161216,1
1601,20160905,1
1601,20161010,1
1601,20161111,1
901,20160906,1
901,20160907,1
901,20160908,1
901,20160909,1
901,20160912,1
901,20160913,1
901,20160914,1
901,20160915,1
901,20160916,1
901,20160919,1
901,20160920,1
901,20160921,1
901,20160922,1
901,20160923,1
901,20160926,1
901,20160927,1
901,20160928,1
901,20160929,1
901,20160930,1
901,20161003,1
901,20161004,1
901,20161005,1
901,20161006,1
901,20161007,1
901,20161011,1
901,20161012,1
901,20161013,1
901,20161014,1
901,20161017,1
901,20161018,1
901,20161019,1
901,20161020,1
901,20161021,1
901,20161024,1
901,20161025,1
901,20161026,1
901,20161027,1
901,20161028,1
901,20161031,1
901,20161101,1
901,20161102,1
901,20161103,1
901,20161104,1
901,20161107,1
901,20161108,1
901,20161109,1
901,20161110,1
901,20161114,1
901,20161115,1
901,20161116,1
901,20161117,1
901,20161118,1
901,20161121,1
901,20161122,1
901,20161123,1
901,20161124,1
901,20161125,1
901,20161128,1
901,20161129,1
901,20161130,1
901,20161201,1
901,20161202,1
901,20161205,1
901,20161206,1
901,20161207,1
901,20161208,1
901,20161209,1
901,20161212,1
901,20161213,1
901,20161214,1
901,20161215,1
901,20161216,1
75401,20160905,1
75401,20160909,1
75401,20160916,1
75401,20160923,1
75401,20160930,1
75401,20161007,1
75401,20161010,1
75401,20161014,1
75401,20161021,1
75401,20161028,1
75401,20161104,1
75401,20161111,1
75401,20161118,1
75401,20161125,1
75401,20161202,1
75401,20161209,1
75401,20161216,1
75301,20160906,1
75301,20160907,1
75301,20160908,1
75301,20160912,1
75301,20160913,1
75301,20160914,1
75301,20160915,1
75301,20160919,1
75301,20160920,1
75301,20160921,1
75301,20160922,1
75301,20160926,1
75301,20160927,1
75301,20160928,1
75301,20160929,1
75301,20161003,1
75301,20161004,1
75301,20161005,1
75301,20161006,1
75301,20161011,1
75301,20161012,1
75301,20161013,1
75301,20161017,1
75301,20161018,1
75301,20161019,1
75301,20161020,1
75301,20161024,1
75301,20161025,1
75301,20161026,1
75301,20161027,1
75301,20161031,1
75301,20161101,1
75301,20161102,1
75301,20161103,1
75301,20161107,1
75301,20161108,1
75301,20161109,1
75301,20161110,1
75301,20161114,1
75301,20161115,1
75301,20161116,1
75301,20161117,1
75301,20161121,1
75301,20161122,1
75301,20161123,1
75301,20161124,1
75301,20161128,1
75301,20161129,1
75301,20161130,1
75301,20161201,1
75301,20161205,1
75301,20161206,1
75301,20161207,1
75301,20161208,1
75301,20161212,1
75301,20161213,1
75301,20161214,1
75301,20161215,1
59001,20160906,1
59001,20160907,1
59001,20160908,1
59001,20160909,1
59001,20160913,1
59001,20160914,1
59001,20160915,1
59001,20160916,1
59001,20160920,1
59001,20160921,1
59001,20160922,1
59001,20160923,1
59001,20160927,1
59001,20160928,1
59001,20160929,1
59001,20160930,1
59001,20161004,1
59001,20161005,1
59001,20161006,1
59001,20161007,1
59001,20161011,1
59001,20161012,1
59001,20161013,1
59001,20161014,1
59001,20161018,1
59001,20161019,1
59001,20161020,1
59001,20161021,1
59001,20161025,1
59001,20161026,1
59001,20161027,1
59001,20161028,1
59001,20161101,1
59001,20161102,1
59001,20161103,1
59001,20161104,1
59001,20161108,1
59001,20161109,1
59001,20161110,1
59001,20161115,1
59001,20161116,1
59001,20161117,1
59001,20161118,1
59001,20161122,1
59001,20161123,1
59001,20161124,1
59001,20161125,1
59001,20161129,1
59001,20161130,1
59001,20161201,1
59001,20161202,1
59001,20161206,1
59001,20161207,1
59001,20161208,1
59001,20161209,1
59001,20161213,1
59001,20161214,1
59001,20161215,1
59001,20161216,1
59101,20160905,1
59101,20160912,1
59101,20160919,1
59101,20160926,1
59101,20161003,1
59101,20161010,1
59101,20161017,1
59101,20161024,1
59101,20161031,1
59101,20161107,1
59101,20161111,1
59101,20161114,1
59101,20161121,1
59101,20161128,1
59101,20161205,1
59101,20161212,1
401,20160906,1
401,20160907,1
401,20160908,1
401,20160909,1
401,20160912,1
401,20160913,1
401,20160914,1
401,20160915,1
401,20160916,1
401,20160919,1
401,20160920,1
401,20160921,1
401,20160922,1
401,20160923,1
401,20160926,1
401,20160927,1
401,20160928,1
401,20160929,1
401,20160930,1
401,20161003,1
401,20161004,1
401,20161005,1
401,20161006,1
401,20161007,1
401,20161011,1
401,20161012,1
401,20161013,1
401,20161014,1
401,20161017,1
401,20161018,1
401,20161019,1
401,20161020,1
401,20161021,1
401,20161024,1
401,20161025,1
401,20161026,1
401,20161027,1
401,20161028,1
401,20161031,1
401,20161101,1
401,20161102,1
401,20161103,1
401,20161104,1
401,20161107,1
401,20161108,1
401,20161109,1
401,20161110,1
401,20161114,1
401,20161115,1
401,20161116,1
401,20161117,1
401,20161118,1
401,20161121,1
401,20161122,1
401,20161123,1
401,20161124,1
401,20161125,1
401,20161128,1
401,20161129,1
401,20161130,1
401,20161201,1
401,20161202,1
401,20161205,1
401,20161206,1
401,20161207,1
401,20161208,1
401,20161209,1
401,20161212,1
401,20161213,1
401,20161214,1
401,20161215,1
401,20161216,1
185901,20160906,1
185901,20160907,1
185901,20160908,1
185901,20160909,1
185901,20160912,1
185901,20160913,1
185901,20160914,1
185901,20160915,1
185901,20160916,1
185901,20160919,1
185901,20160920,1
185901,20160921,1
185901,20160922,1
185901,20160923,1
185901,20160926,1
185901,20160927,1
185901,20160928,1
185901,20160929,1
185901,20160930,1
185901,20161003,1
185901,20161004,1
185901,20161005,1
185901,20161006,1
185901,20161007,1
185901,20161011,1
185901,20161012,1
185901,20161013,1
185901,20161014,1
185901,20161017,1
185901,20161018,1
185901,20161019,1
185901,20161020,1
185901,20161021,1
185901,20161024,1
185901,20161025,1
185901,20161026,1
185901,20161027,1
185901,20161028,1
185901,20161031,1
185901,20161101,1
185901,20161102,1
185901,20161103,1
185901,20161104,1
185901,20161107,1
185901,20161108,1
185901,20161109,1
185901,20161110,1
185901,20161114,1
185901,20161115,1
185901,20161116,1
185901,20161117,1
185901,20161118,1
185901,20161121,1
185901,20161122,1
185901,20161123,1
185901,20161124,1
185901,20161125,1
185901,20161128,1
185901,20161129,1
185901,20161130,1
185901,20161201,1
185901,20161202,1
185901,20161205,1
185901,20161206,1
185901,20161207,1
185901,20161208,1
185901,20161209,1
185901,20161212,1
185901,20161213,1
185901,20161214,1
185901,20161215,1
185901,20161216,1
193901,20160906,1
193901,20160907,1
193901,20160908,1
193901,20160909,1
193901,20160912,1
193901,20160913,1
193901,20160914,1
193901,20160915,1
193901,20160916,1
193901,20160919,1
193901,20160920,1
193901,20160921,1
193901,20160922,1
193901,20160923,1
193901,20160926,1
193901,20160927,1
193901,20160928,1
193901,20160929,1
193901,20160930,1
193901,20161003,1
193901,20161004,1
193901,20161005,1
193901,20161006,1
193901,20161007,1
193901,20161011,1
193901,20161012,1
193901,20161013,1
193901,20161014,1
193901,20161017,1
193901,20161018,1
193901,20161019,1
193901,20161020,1
193901,20161021,1
193901,20161024,1
193901,20161025,1
193901,20161026,1
193901,20161027,1
193901,20161028,1
193901,20161031,1
193901,20161101,1
193901,20161102,1
193901,20161103,1
193901,20161104,1
193901,20161107,1
193901,20161108,1
193901,20161109,1
193901,20161110,1
193901,20161114,1
193901,20161115,1
193901,20161116,1
193901,20161117,1
193901,20161118,1
193901,20161121,1
193901,20161122,1
193901,20161123,1
193901,20161124,1
193901,20161125,1
193901,20161128,1
193901,20161129,1
193901,20161130,1
193901,20161201,1
193901,20161202,1
193901,20161205,1
193901,20161206,1
193901,20161207,1
193901,20161208,1
193901,20161209,1
193901,20161212,1
193901,20161213,1
193901,20161214,1
193901,20161215,1
193901,20161216,1
194001,20160905,1
194001,20161010,1
194001,20161111,1
1201,20160909,1
1201,20160916,1
1201,20160923,1
1201,20160930,1
1201,20161007,1
1201,20161014,1
1201,20161021,1
1201,20161028,1
1201,20161104,1
1201,20161118,1
1201,20161125,1
1201,20161202,1
1201,20161209,1
1201,20161216,1
1101,20160905,1
1101,20160906,1
1101,20160907,1
1101,20160908,1
1101,20160912,1
1101,20160913,1
1101,20160914,1
1101,20160915,1
1101,20160919,1
1101,20160920,1
1101,20160921,1
1101,20160922,1
1101,20160926,1
1101,20160927,1
1101,20160928,1
1101,20160929,1
1101,20161003,1
1101,20161004,1
1101,20161005,1
1101,20161006,1
1101,20161010,1
1101,20161011,1
1101,20161012,1
1101,20161013,1
1101,20161017,1
1101,20161018,1
1101,20161019,1
1101,20161020,1
1101,20161024,1
1101,20161025,1
1101,20161026,1
1101,20161027,1
1101,20161031,1
1101,20161101,1
1101,20161102,1
1101,20161103,1
1101,20161107,1
1101,20161108,1
1101,20161109,1
1101,20161110,1
1101,20161111,1
1101,20161114,1
1101,20161115,1
1101,20161116,1
1101,20161117,1
1101,20161121,1
1101,20161122,1
1101,20161123,1
1101,20161124,1
1101,20161128,1
1101,20161129,1
1101,20161130,1
1101,20161201,1
1101,20161205,1
1101,20161206,1
1101,20161207,1
1101,20161208,1
1101,20161212,1
1101,20161213,1
1101,20161214,1
1101,20161215,1
2001,20160907,1
2001,20160914,1
2001,20160921,1
2001,20160928,1
2001,20161005,1
2001,20161012,1
2001,20161019,1
2001,20161026,1
2001,20161102,1
2001,20161109,1
2001,20161116,1
2001,20161123,1
2001,20161130,1
2001,20161207,1
2001,20161214,1
62101,20160906,1
62101,20160908,1
62101,20160909,1
62101,20160912,1
62101,20160913,1
62101,20160915,1
62101,20160916,1
62101,20160919,1
62101,20160920,1
62101,20160922,1
62101,20160923,1
62101,20160926,1
62101,20160927,1
62101,20160929,1
62101,20160930,1
62101,20161003,1
62101,20161004,1
62101,20161006,1
62101,20161007,1
62101,20161011,1
62101,20161013,1
62101,20161014,1
62101,20161017,1
62101,20161018,1
62101,20161020,1
62101,20161021,1
62101,20161024,1
62101,20161025,1
62101,20161027,1
62101,20161028,1
62101,20161031,1
62101,20161101,1
62101,20161103,1
62101,20161104,1
62101,20161107,1
62101,20161108,1
62101,20161110,1
62101,20161114,1
62101,20161115,1
62101,20161117,1
62101,20161118,1
62101,20161121,1
62101,20161122,1
62101,20161124,1
62101,20161125,1
62101,20161128,1
62101,20161129,1
62101,20161201,1
62101,20161202,1
62101,20161205,1
62101,20161206,1
62101,20161208,1
62101,20161209,1
62101,20161212,1
62101,20161213,1
62101,20161215,1
62101,20161216,1
62201,20160905,1
62201,20160907,1
62201,20160914,1
62201,20160921,1
62201,20160928,1
62201,20161005,1
62201,20161010,1
62201,20161012,1
62201,20161019,1
62201,20161026,1
62201,20161102,1
62201,20161109,1
62201,20161111,1
62201,20161116,1
62201,20161123,1
62201,20161130,1
62201,20161207,1
62201,20161214,1
1901,20160905,1
1901,20160906,1
1901,20160908,1
1901,20160909,1
1901,20160912,1
1901,20160913,1
1901,20160915,1
1901,20160916,1
1901,20160919,1
1901,20160920,1
1901,20160922,1
1901,20160923,1
1901,20160926,1
1901,20160927,1
1901,20160929,1
1901,20160930,1
1901,20161003,1
1901,20161004,1
1901,20161006,1
1901,20161007,1
1901,20161010,1
1901,20161011,1
1901,20161013,1
1901,20161014,1
1901,20161017,1
1901,20161018,1
1901,20161020,1
1901,20161021,1
1901,20161024,1
1901,20161025,1
1901,20161027,1
1901,20161028,1
1901,20161031,1
1901,20161101,1
1901,20161103,1
1901,20161104,1
1901,20161107,1
1901,20161108,1
1901,20161110,1
1901,20161111,1
1901,20161114,1
1901,20161115,1
1901,20161117,1
1901,20161118,1
1901,20161121,1
1901,20161122,1
1901,20161124,1
1901,20161125,1
1901,20161128,1
1901,20161129,1
1901,20161201,1
1901,20161202,1
1901,20161205,1
1901,20161206,1
1901,20161208,1
1901,20161209,1
1901,20161212,1
1901,20161213,1
1901,20161215,1
1901,20161216,1
301,20160906,1
301,20160907,1
301,20160908,1
301,20160909,1
301,20160912,1
301,20160913,1
301,20160914,1
301,20160915,1
301,20160916,1
301,20160919,1
301,20160920,1
301,20160921,1
301,20160922,1
301,20160923,1
301,20160926,1
301,20160927,1
301,20160928,1
301,20160929,1
301,20160930,1
301,20161003,1
301,20161004,1
301,20161005,1
301,20161006,1
301,20161007,1
301,20161011,1
301,20161012,1
301,20161013,1
301,20161014,1
301,20161017,1
301,20161018,1
301,20161019,1
301,20161020,1
301,20161021,1
301,20161024,1
301,20161025,1
301,20161026,1
301,20161027,1
301,20161028,1
301,20161031,1
301,20161101,1
301,20161102,1
301,20161103,1
301,20161104,1
301,20161107,1
301,20161108,1
301,20161109,1
301,20161110,1
301,20161114,1
301,20161115,1
301,20161116,1
301,20161117,1
301,20161118,1
301,20161121,1
301,20161122,1
301,20161123,1
301,20161124,1
301,20161125,1
301,20161128,1
301,20161129,1
301,20161130,1
301,20161201,1
301,20161202,1
301,20161205,1
301,20161206,1
301,20161207,1
301,20161208,1
301,20161209,1
301,20161212,1
301,20161213,1
301,20161214,1
301,20161215,1
301,20161216,1
1501,20160905,1
1501,20161010,1
1501,20161111,1
139401,20160905,1
139401,20161010,1
139401,20161011,1
139401,20161012,1
139401,20161013,1
139401,20161014,1
139401,20161017,1
139401,20161018,1
139401,20161019,1
139401,20161020,1
139401,20161021,1
139401,20161024,1
139401,20161025,1
139401,20161026,1
139401,20161027,1
139401,20161028,1
139401,20161031,1
139401,20161101,1
139401,20161102,1
139401,20161103,1
139401,20161104,1
139401,20161107,1
139401,20161108,1
139401,20161109,1
139401,20161110,1
139401,20161111,1
139401,20161114,1
139401,20161115,1
139401,20161116,1
139401,20161117,1
139401,20161118,1
139401,20161121,1
139401,20161122,1
139401,20161123,1
139401,20161124,1
139401,20161125,1
139401,20161128,1
139401,20161129,1
139401,20161130,1
139401,20161201,1
139401,20161202,1
139401,20161205,1
139401,20161206,1
139401,20161207,1
139401,20161208,1
139401,20161209,1
139401,20161212,1
139401,20161213,1
139401,20161214,1
139401,20161215,1
139401,20161216,1
139301,20160906,1
139301,20160907,1
139301,20160908,1
139301,20160909,1
139301,20160912,1
139301,20160913,1
139301,20160914,1
139301,20160915,1
139301,20160916,1
139301,20160919,1
139301,20160920,1
139301,20160921,1
139301,20160922,1
139301,20160923,1
139301,20160926,1
139301,20160927,1
139301,20160928,1
139301,20160929,1
139301,20160930,1
139301,20161003,1
139301,20161004,1
139301,20161005,1
139301,20161006,1
139301,20161007,1
225101,20160905,1
225101,20160906,1
225101,20160907,1
225101,20160908,1
225101,20160909,1
225101,20160912,1
225101,20160913,1
225101,20160914,1
225101,20160915,1
225101,20160916,1
225101,20160919,1
225101,20160920,1
225101,20160921,1
225101,20160922,1
225101,20160923,1
225101,20160926,1
225101,20160927,1
225101,20160928,1
225101,20160929,1
225101,20160930,1
225101,20161003,1
225101,20161004,1
225101,20161005,1
225101,20161006,1
225101,20161007,1
225101,20161010,1
225101,20161011,1
225101,20161012,1
225101,20161013,1
225101,20161014,1
225101,20161017,1
225101,20161018,1
225101,20161019,1
225101,20161020,1
225101,20161021,1
92601,20160906,1
92601,20160907,1
92601,20160908,1
92601,20160909,1
92601,20160912,1
92601,20160913,1
92601,20160914,1
92601,20160915,1
92601,20160916,1
92601,20160919,1
92601,20160920,1
92601,20160921,1
92601,20160922,1
92601,20160923,1
92601,20160926,1
92601,20160927,1
92601,20160928,1
92601,20160929,1
92601,20160930,1
92601,20161003,1
92601,20161004,1
92601,20161005,1
92601,20161006,1
92601,20161007,1
92601,20161011,1
92601,20161012,1
92601,20161013,1
92601,20161014,1
92601,20161017,1
92601,20161018,1
92601,20161019,1
92601,20161020,1
92601,20161021,1
92601,20161024,1
92601,20161025,1
92601,20161026,1
92601,20161027,1
92601,20161028,1
92601,20161031,1
92601,20161101,1
92601,20161102,1
92601,20161103,1
92601,20161104,1
92601,20161107,1
92601,20161108,1
92601,20161109,1
92601,20161110,1
92601,20161114,1
92601,20161115,1
92601,20161116,1
92601,20161117,1
92601,20161118,1
92601,20161121,1
92601,20161122,1
92601,20161123,1
92601,20161124,1
92601,20161125,1
92601,20161128,1
92601,20161129,1
92601,20161130,1
92601,20161201,1
92601,20161202,1
92601,20161205,1
92601,20161206,1
92601,20161207,1
92601,20161208,1
92601,20161209,1
92601,20161212,1
92601,20161213,1
92601,20161214,1
92601,20161215,1
92601,20161216,1
155601,20160906,1
155601,20160907,1
155601,20160908,1
155601,20160909,1
155601,20160912,1
155601,20160913,1
155601,20160914,1
155601,20160915,1
155601,20160916,1
155601,20160919,1
155601,20160920,1
155601,20160921,1
155601,20160922,1
155601,20160923,1
155601,20160926,1
155601,20160927,1
155601,20160928,1
155601,20160929,1
155601,20160930,1
155601,20161003,1
155601,20161004,1
155601,20161005,1
155601,20161006,1
155601,20161007,1
155601,20161011,1
155601,20161012,1
155601,20161013,1
155601,20161014,1
155601,20161017,1
155601,20161018,1
155601,20161019,1
155601,20161020,1
155601,20161021,1
155601,20161024,1
155601,20161025,1
155601,20161026,1
155601,20161027,1
155601,20161028,1
155601,20161031,1
155601,20161101,1
155601,20161102,1
155601,20161103,1
155601,20161104,1
155601,20161107,1
155601,20161108,1
155601,20161109,1
155601,20161110,1
155601,20161114,1
155601,20161115,1
155601,20161116,1
155601,20161117,1
155601,20161118,1
155601,20161121,1
155601,20161122,1
155601,20161123,1
155601,20161124,1
155601,20161125,1
155601,20161128,1
155601,20161129,1
155601,20161130,1
155601,20161201,1
155601,20161202,1
155601,20161205,1
155601,20161206,1
155601,20161207,1
155601,20161208,1
155601,20161209,1
155601,20161212,1
155601,20161213,1
155601,20161214,1
155601,20161215,1
155601,20161216,1
117701,20161024,1
117701,20161025,1
117701,20161026,1
117701,20161027,1
117701,20161028,1
117701,20161031,1
117701,20161101,1
117701,20161102,1
117701,20161103,1
117701,20161104,1
117701,20161107,1
117701,20161108,1
117701,20161109,1
117701,20161110,1
117701,20161111,1
117701,20161114,1
117701,20161115,1
117701,20161116,1
117701,20161117,1
117701,20161118,1
117701,20161121,1
117701,20161122,1
117701,20161123,1
117701,20161124,1
117701,20161125,1
117701,20161128,1
117701,20161129,1
117701,20161130,1
123201,20161201,1
123201,20161202,1
123201,20161205,1
123201,20161206,1
123201,20161207,1
123201,20161208,1
123201,20161209,1
123201,20161212,1
123201,20161213,1
123201,20161214,1
123201,20161215,1
123201,20161216,1
162201,20161024,1
162201,20161025,1
162201,20161026,1
162201,20161027,1
162201,20161028,1
162201,20161031,1
162201,20161101,1
162201,20161102,1
162201,20161103,1
162201,20161104,1
162201,20161107,1
162201,20161108,1
162201,20161109,1
162201,20161110,1
162201,20161111,1
162201,20161114,1
162201,20161115,1
162201,20161116,1
162201,20161117,1
162201,20161118,1
162201,20161121,1
162201,20161122,1
162201,20161123,1
162201,20161124,1
162201,20161125,1
162201,20161128,1
162201,20161129,1
162201,20161130,1
162201,20161201,1
162201,20161202,1
162201,20161205,1
162201,20161206,1
162201,20161207,1
162201,20161208,1
162201,20161209,1
162201,20161212,1
162201,20161213,1
162201,20161214,1
162201,20161215,1
162201,20161216,1
225102,20160910,1
225102,20160917,1
225102,20160924,1
225102,20161001,1
225102,20161008,1
225102,20161015,1
225102,20161016,1
92402,20161203,1
92402,20161210,1
117702,20161022,1
117702,20161023,1
117702,20161029,1
117702,20161030,1
117702,20161105,1
117702,20161106,1
117702,20161112,1
117702,20161113,1
117702,20161119,1
117702,20161120,1
117702,20161126,1
117702,20161127,1
123202,20161203,1
123202,20161204,1
123202,20161210,1
123202,20161211,1
123202,20161217,1
123202,20161218,1
162202,20161022,1
162202,20161023,1
162202,20161029,1
162202,20161030,1
162202,20161105,1
162202,20161106,1
162202,20161112,1
162202,20161113,1
162202,20161119,1
162202,20161120,1
162202,20161126,1
162202,20161127,1
162202,20161203,1
162202,20161204,1
162202,20161210,1
162202,20161211,1
162202,20161217,1
162202,20161218,1
49603,20160905,1
169803,20160905,1
169803,20160911,1
169803,20160918,1
169803,20160925,1
169803,20161002,1
169803,20161009,1
169803,20161010,1
225103,20160905,1
225103,20160910,1
225103,20160911,1
225103,20160917,1
225103,20160918,1
225103,20160924,1
225103,20160925,1
225103,20161001,1
225103,20161002,1
225103,20161008,1
225103,20161009,1
225103,20161010,1
225103,20161015,1
225103,20161016,1
1803,20161009,1
32603,20160905,1
32603,20160910,1
32603,20160911,1
32603,20160917,1
32603,20160918,1
32603,20160924,1
32603,20160925,1
32603,20161001,1
32603,20161002,1
32603,20161008,1
32603,20161010,1
32603,20161015,1
32603,20161016,1
32603,20161022,1
32603,20161023,1
32603,20161029,1
32603,20161030,1
32603,20161105,1
32603,20161106,1
32603,20161111,1
32603,20161112,1
32603,20161113,1
32603,20161119,1
32603,20161120,1
32603,20161126,1
32603,20161127,1
32603,20161204,1
32603,20161211,1
32603,20161217,1
32603,20161218,1
117703,20161022,1
117703,20161023,1
117703,20161029,1
117703,20161030,1
117703,20161105,1
117703,20161106,1
117703,20161111,1
117703,20161112,1
117703,20161113,1
117703,20161119,1
117703,20161120,1
117703,20161126,1
117703,20161127,1
123203,20161204,1
123203,20161211,1
123203,20161217,1
123203,20161218,1
162203,20161022,1
162203,20161023,1
162203,20161029,1
162203,20161030,1
162203,20161105,1
162203,20161106,1
162203,20161111,1
162203,20161112,1
162203,20161113,1
162203,20161119,1
162203,20161120,1
162203,20161126,1
162203,20161127,1
162203,20161204,1
162203,20161211,1
162203,20161217,1
162203,20161218,1
